1.99909 
1.9992 
2.00055 
1.9998 
1.99911 
2 
2.00008 
0.0913871 
2.478 
2.00068 
3.02224 
1.45117 
0.945824 
1.64322 
0.128723 
2.23868 
1.55994 
1.77769 
1.7527 
1.96921 
1.72481 
1.61929 
1.68693 
1.78534 
0.0265241 
1.68143 
0.842576 
1.6346 
1.71816 
0.0163023 
1.44827 
1.3272 
1.43169 
1.5159 
-0.972753 
1.53545 
-0.582168 
1.22029 
1.59815 
-0.893651 
1.53757 
0.868512 
1.50737 
1.59075 
0.0771421 
1.57864 
1.36146 
1.17338 
1.83557 
0.0220634 
1.685 
1.67625 
1.58892 
4.37417 
0.00919971 
1.7798 
1.76864 
1.75935 
14.2233 
0.0610639 
11.7666 
11.0273 
2.34717 
1.96408 
-0.499125 
-0.471053 
1.79079 
8.82428 
2.23904 
0.02852 
-3.57242 
2.2326 
3.03074 
1.90254 
-1.79082 
-1.08222 
1.42702 
1.55952 
1.39692 
0.0087226 
-3.85291 
1.39943 
1.44628 
1.19203 
-0.909128 
-2.4072 
1.38043 
1.45404 
1.45665 
0.0781251 
-2.49624 
1.26296 
1.26637 
1.27031 
-1.73185 
-2.46122 
1.42431 
1.56562 
1.36533 
-3.44938 
-2.68248 
0.938586 
1.45234 
1.20079 
-0.672402 
-2.48413 
0.993306 
1.31927 
1.09385 
0.0656009 
-2.09057 
1.32052 
1.15674 
1.19318 
-0.509416 
-1.67425 
6.61308 
0.948183 
0.996234 
-0.53813 
1.99982 
2.00078 
2.00061 
1.99952 
1.99921 
-32.7083 
